key_l = fltarr(16,7)
key_u = fltarr(16,7)

; Band 1
  key_l(0,0:6)=[1.,0.,0.,0.,0.,0.,0.]
  key_u(0,0:6)=[1.,0.,0.,0.,0.,0.,0.]
; Band 2
  key_l(1,0:6)=[1.,0.,0.,0.,0.,0.,0.]
  key_u(1,0:6)=[1.,0.,0.,0.,0.,0.,0.]
; Band 3
  key_l(2,0:6)=[1.,1.,0.,0.,0.,0.,0.]
  key_u(2,0:6)=[1.,1.,0.,0.,0.,0.,0.]
; Band 4
  key_l(3,0:6)=[1.,1.,0.,0.,0.,0.,0.]
  key_u(3,0:6)=[0.,1.,1.,0.,0.,0.,0.]
; Band 5
  key_l(4,0:6)=[1.,1.,0.,0.,0.,0.,0.]
  key_u(4,0:6)=[0.,1.,1.,0.,0.,0.,0.]
; Band 6
  key_l(5,0:6)=[1.,0.,0.,0.,0.,0.,0.]
  key_u(5,0:6)=[0.,0.,0.,0.,0.,0.,0.]
; Band 7
  key_l(6,0:6)=[1.,0.,1.,0.,0.,0.,0.]
  key_u(6,0:6)=[0.,0.,1.,0.,0.,0.,0.]
; Band 8
  key_l(7,0:6)=[1.,0.,0.,0.,0.,0.,0.]
  key_u(7,0:6)=[0.,0.,1.,0.,0.,0.,0.]
; Band 9
  key_l(8,0:6)=[1.,0.,0.,0.,0.,1.,0.]
  key_u(8,0:6)=[0.,0.,0.,0.,0.,1.,0.]
; Band 10
  key_l(9,0:6)=[1.,0.,0.,0.,0.,0.,0.]
  key_u(9,0:6)=[1.,0.,0.,0.,0.,0.,0.]
; Band 11
  key_l(10,0:6)=[1.,0.,0.,0.,0.,0.,0.]
  key_u(10,0:6)=[1.,0.,0.,0.,0.,0.,0.]
; Band 12
  key_l(11,0:6)=[1.,1.,0.,0.,0.,0.,0.]
  key_u(11,0:6)=[0.,0.,0.,0.,0.,0.,0.]
; Band 13
  key_l(12,0:6)=[1.,0.,0.,1.,0.,0.,0.]
  key_u(12,0:6)=[0.,0.,0.,0.,0.,0.,0.]
; Band 14
  key_l(13,0:6)=[0.,1.,0.,0.,0.,0.,0.]
  key_u(13,0:6)=[0.,1.,0.,0.,0.,0.,0.]
; Band 15
  key_l(14,0:6)=[0.,1.,0.,1.,0.,0.,0.]
  key_u(14,0:6)=[0.,0.,0.,0.,0.,0.,0.]
; Band 16
  key_l(15,0:6)=[1.,0.,0.,0.,0.,1.,0.]
  key_u(15,0:6)=[0.,0.,0.,0.,0.,1.,0.]
  