      0.00000
  3.74330e-23
  1.64060e-22
  4.38820e-22
  8.62260e-22
  1.44570e-21
  2.19270e-21
  2.99080e-21
  3.84900e-21
  4.36540e-21
  5.08600e-21
  5.61350e-21
  5.94660e-21
  6.01500e-21
  5.82870e-21
  5.89000e-21
  5.53010e-21
  5.18560e-21
  4.89930e-21
  4.27000e-21
  3.87830e-21
  3.34260e-21
  3.02290e-21
  2.70390e-21
  2.05570e-21
  1.70750e-21
  1.36980e-21
  1.16020e-21
  9.75310e-22
  7.47910e-22
  6.48550e-22
  5.27770e-22
  4.17640e-22
  3.53500e-22
  2.74700e-22
  2.36140e-22
  1.86160e-22
  1.54520e-22
  1.29800e-22
  9.99970e-23
  8.66100e-23
  7.17270e-23
  6.35240e-23
  5.36090e-23
  4.84200e-23
  4.18470e-23
  3.57000e-23
  3.28330e-23
  3.12520e-23
  2.74870e-23
  2.45490e-23
  2.10290e-23
  1.86280e-23
  1.69740e-23
  1.50740e-23
  1.31930e-23
  1.13940e-23
  1.08840e-23
  1.00050e-23
  9.62730e-24
  8.92530e-24
  7.74520e-24
  6.43740e-24
  5.00050e-24
  4.16670e-24
  3.33290e-24
  2.60680e-24
  2.06870e-24
  1.69900e-24
  1.37170e-24
  1.08490e-24
  8.91210e-25
  7.21220e-25
  5.27950e-25
  3.55900e-25
  2.67320e-25
  2.23330e-25
  1.96470e-25
  1.64560e-25
  1.36810e-25
  1.19070e-25
  9.99160e-26
  8.08150e-26
  5.90120e-26
  4.17470e-26
  3.18890e-26
  2.61220e-26
  2.16250e-26
  1.76260e-26
  1.28950e-26
  1.02870e-26
  8.12730e-27
  6.33110e-27
  5.34940e-27
  4.41490e-27
  3.80110e-27
  3.02990e-27
  2.66000e-27
  2.37530e-27
  2.24200e-27
  2.11970e-27
  1.92640e-27
  1.87090e-27
  1.93650e-27
  2.06130e-27
  2.00200e-27
  1.97400e-27
  2.10580e-27
  2.34240e-27
  2.47430e-27
  2.57870e-27
  3.03460e-27
  3.27200e-27
  3.77180e-27
  4.73160e-27
  6.70520e-27
  9.35590e-27
  1.26000e-26
  1.80430e-26
  2.75010e-26
  4.01890e-26
  5.51000e-26
  8.27320e-26
  1.30650e-25
  2.17340e-25
  3.26110e-25
  4.65700e-25
  6.75640e-25
  1.01760e-24
  1.65690e-24
  2.42370e-24
  3.71600e-24
  5.45270e-24
  7.82750e-24
  1.16970e-23
  1.64460e-23
  2.27990e-23
  3.20800e-23
  4.15470e-23
  5.37670e-23
  6.86920e-23
  8.61810e-23
  1.04890e-22
  1.32730e-22
  1.61990e-22
  1.90600e-22
  2.18100e-22
  2.59550e-22
  3.23620e-22
  3.65240e-22
  4.15560e-22
  4.68790e-22
  5.35410e-22
  5.84720e-22
  5.91360e-22
  5.79270e-22
  5.32540e-22
  4.65910e-22
  4.05300e-22
  3.48120e-22
  3.14380e-22
  3.09430e-22
  3.48190e-22
  4.16300e-22
  4.53980e-22
  4.85720e-22
  5.27190e-22
  5.50140e-22
  5.43080e-22
  4.98930e-22
  4.68840e-22
  4.47300e-22
  3.93660e-22
  3.28630e-22
  2.78950e-22
  2.39450e-22
  2.09240e-22
  1.72320e-22
  1.41720e-22
  1.18210e-22
  1.00240e-22
  8.14750e-23
  7.10390e-23
  5.63400e-23
  4.87290e-23
  4.37150e-23
  3.57960e-23
  3.01270e-23
  2.24560e-23
  1.96080e-23
  1.60770e-23
  1.32870e-23
  1.15210e-23
  9.65810e-24
  8.39270e-24
  6.55430e-24
  5.09690e-24
  4.36170e-24
  3.32660e-24
  2.86150e-24
  2.36810e-24
  2.07030e-24
  1.75180e-24
  1.34030e-24
  1.17150e-24
  9.07550e-25
  7.36540e-25
  6.22820e-25
  5.06800e-25
  4.45180e-25
  3.35520e-25
  2.77620e-25
  2.25290e-25
  1.82350e-25
  1.57370e-25
  1.28430e-25
  1.11130e-25
  8.81180e-26
  7.00310e-26
  5.76080e-26
  4.81430e-26
  4.27050e-26
  3.87480e-26
  3.78280e-26
  3.42070e-26
  3.13520e-26
  2.88020e-26
  2.64920e-26
  2.31960e-26
  1.81530e-26
  1.50640e-26
  1.16330e-26
  8.88100e-27
  6.54220e-27
  4.89780e-27
  3.66100e-27
  2.73810e-27
  2.04400e-27
  1.65270e-27
  1.36340e-27
  1.17520e-27
  1.01400e-27
  8.86230e-28
  7.83930e-28
  7.01020e-28
  6.53520e-28
  6.34490e-28
  6.43720e-28
  7.43550e-28
  9.25140e-28
  1.18620e-27
  1.61570e-27
  2.24710e-27
  3.12690e-27
  4.47870e-27
  6.17920e-27
  8.54870e-27
  1.15990e-26
  1.54970e-26
  1.97660e-26
  2.51930e-26
  3.05790e-26
  3.59380e-26
  4.12580e-26
  4.49550e-26
  4.79340e-26
  4.86080e-26
  4.87390e-26
  4.86680e-26
  5.17300e-26
  5.60650e-26
  5.41400e-26
  5.36970e-26
  5.47820e-26
  5.71190e-26
  5.60970e-26
  5.39730e-26
  5.58290e-26
  5.90560e-26
  6.11370e-26
  6.07150e-26
  5.83860e-26
  5.38530e-26
  4.85420e-26
  4.42360e-26
  4.05890e-26
  3.96730e-26
  4.39230e-26
  5.01310e-26
  6.19740e-26
  8.47300e-26
  1.28210e-25
  1.68950e-25
  2.34740e-25
  3.40120e-25
  4.91740e-25
  6.66960e-25
  8.69200e-25
  1.16270e-24
  1.54920e-24
  1.91950e-24
  2.33230e-24
  2.56190e-24
  2.94840e-24
  3.32580e-24
  3.48600e-24
  3.67860e-24
  3.91730e-24
  4.30810e-24
  4.68730e-24
  4.76980e-24
  4.65080e-24
  4.36500e-24
  3.85300e-24
  3.39630e-24
  2.93390e-24
  2.57050e-24
  2.45420e-24
  2.68200e-24
  3.21580e-24
  3.64600e-24
  3.92430e-24
  4.20040e-24
  4.30920e-24
  4.38520e-24
  4.35640e-24
  4.21440e-24
  4.12190e-24
  3.90450e-24
  3.73190e-24
  3.57890e-24
  3.26420e-24
  3.04350e-24
  3.02540e-24
  3.10670e-24
  3.10670e-24
  3.40520e-24
  3.78820e-24
  4.17310e-24
  4.61410e-24
  5.22660e-24
  6.01020e-24
  7.28210e-24
  7.89130e-24
  8.86460e-24
  1.00790e-23
  1.18350e-23
  1.41260e-23
  1.69480e-23
  2.02410e-23
  2.54780e-23
  3.06650e-23
  3.79480e-23
  4.71850e-23
  6.08400e-23
  7.33130e-23
  8.99390e-23
  1.10980e-22
  1.35530e-22
  1.71240e-22
  2.04580e-22
  2.38950e-22
  2.75720e-22
  3.18140e-22
  3.51540e-22
  4.00380e-22
  4.12710e-22
  4.27890e-22
  4.27780e-22
  4.33860e-22
  4.45060e-22
  4.54200e-22
  4.94130e-22
  5.21960e-22
  5.17730e-22
  5.02860e-22
  4.88540e-22
  4.76360e-22
  4.42510e-22
  4.26380e-22
  4.37300e-22
  4.75700e-22
  5.21270e-22
  5.71480e-22
  5.62160e-22
  5.33160e-22
  5.06120e-22
  4.56040e-22
  4.12470e-22
  3.21750e-22
  2.56560e-22
  2.03050e-22
  1.57330e-22
  1.18350e-22
  8.05780e-23
  5.86390e-23
  4.10250e-23
  2.93390e-23
  1.97920e-23
  1.36190e-23
  9.99220e-24
