      0.00000
  3.22530e-23
  1.41400e-22
  3.78360e-22
  7.43920e-22
  1.24820e-21
  1.89500e-21
  2.58770e-21
  3.33450e-21
  3.78720e-21
  4.41920e-21
  4.88590e-21
  5.18520e-21
  5.25510e-21
  5.10280e-21
  5.16770e-21
  4.86290e-21
  4.57070e-21
  4.32890e-21
  3.78220e-21
  3.44410e-21
  2.97610e-21
  2.69860e-21
  2.42030e-21
  1.84510e-21
  1.53680e-21
  1.23620e-21
  1.04990e-21
  8.85050e-22
  6.80560e-22
  5.91760e-22
  4.82860e-22
  3.83130e-22
  3.25160e-22
  2.53340e-22
  2.18340e-22
  1.72570e-22
  1.43600e-22
  1.20930e-22
  9.33860e-23
  8.10770e-23
  6.73010e-23
  5.97390e-23
  5.05270e-23
  4.57340e-23
  3.96100e-23
  3.38600e-23
  3.12040e-23
  2.97590e-23
  2.62230e-23
  2.34630e-23
  2.01340e-23
  1.78660e-23
  1.63070e-23
  1.45050e-23
  1.27140e-23
  1.09980e-23
  1.05210e-23
  9.68400e-24
  9.33130e-24
  8.66230e-24
  7.52640e-24
  6.26310e-24
  4.87080e-24
  4.06320e-24
  3.25360e-24
  2.54740e-24
  2.02360e-24
  1.66350e-24
  1.34440e-24
  1.06420e-24
  8.74950e-25
  7.08630e-25
  5.19150e-25
  3.50230e-25
  2.63250e-25
  2.20080e-25
  1.93740e-25
  1.62370e-25
  1.35080e-25
  1.17630e-25
  9.87620e-26
  7.99250e-26
  5.83920e-26
  4.13280e-26
  3.15840e-26
  2.58830e-26
  2.14370e-26
  1.74800e-26
  1.27930e-26
  1.02100e-26
  8.06890e-27
  6.28770e-27
  5.31450e-27
  4.38740e-27
  3.77850e-27
  3.01280e-27
  2.64570e-27
  2.36310e-27
  2.23110e-27
  2.10990e-27
  1.91790e-27
  1.86300e-27
  1.92870e-27
  2.05340e-27
  1.99480e-27
  1.96720e-27
  2.09890e-27
  2.33500e-27
  2.46690e-27
  2.57140e-27
  3.02640e-27
  3.26360e-27
  3.76260e-27
  4.72060e-27
  6.69050e-27
  9.33630e-27
  1.25750e-26
  1.80090e-26
  2.74520e-26
  4.01200e-26
  5.50110e-26
  8.26040e-26
  1.30460e-25
  2.17040e-25
  3.25680e-25
  4.65110e-25
  6.74830e-25
  1.01640e-24
  1.65510e-24
  2.42120e-24
  3.71240e-24
  5.44760e-24
  7.82050e-24
  1.16870e-23
  1.64330e-23
  2.27820e-23
  3.20570e-23
  4.15190e-23
  5.37320e-23
  6.86500e-23
  8.61310e-23
  1.04830e-22
  1.32660e-22
  1.61900e-22
  1.90510e-22
  2.18000e-22
  2.59440e-22
  3.23490e-22
  3.65100e-22
  4.15410e-22
  4.68630e-22
  5.35240e-22
  5.84540e-22
  5.91190e-22
  5.79110e-22
  5.32350e-22
  4.65750e-22
  4.05170e-22
  3.48020e-22
  3.14290e-22
  3.09340e-22
  3.48100e-22
  4.16200e-22
  4.53880e-22
  4.85610e-22
  5.27090e-22
  5.50030e-22
  5.42980e-22
  4.98840e-22
  4.68760e-22
  4.47240e-22
  3.93600e-22
  3.28590e-22
  2.78910e-22
  2.39420e-22
  2.09210e-22
  1.72300e-22
  1.41700e-22
  1.18200e-22
  1.00230e-22
  8.14750e-23
  7.10390e-23
  5.63400e-23
  4.87290e-23
  4.37150e-23
  3.57960e-23
  3.01270e-23
  2.24560e-23
  1.96080e-23
  1.60770e-23
  1.32870e-23
  1.15210e-23
  9.65810e-24
  8.39270e-24
  6.55430e-24
  5.09690e-24
  4.36170e-24
  3.32660e-24
  2.86150e-24
  2.36810e-24
  2.07030e-24
  1.75180e-24
  1.34030e-24
  1.17150e-24
  9.07550e-25
  7.36540e-25
  6.22820e-25
  5.06800e-25
  4.45180e-25
  3.35520e-25
  2.77620e-25
  2.25290e-25
  1.82350e-25
  1.57370e-25
  1.28430e-25
  1.11130e-25
  8.81180e-26
  7.00310e-26
  5.76080e-26
  4.81430e-26
  4.27050e-26
  3.87480e-26
  3.78280e-26
  3.42070e-26
  3.13520e-26
  2.88020e-26
  2.64920e-26
  2.31960e-26
  1.81530e-26
  1.50640e-26
  1.16330e-26
  8.88100e-27
  6.54220e-27
  4.89780e-27
  3.66100e-27
  2.73810e-27
  2.04400e-27
  1.65270e-27
  1.36340e-27
  1.17520e-27
  1.01400e-27
  8.86230e-28
  7.83930e-28
  7.01020e-28
  6.53520e-28
  6.34490e-28
  6.43720e-28
  7.43550e-28
  9.25140e-28
  1.18620e-27
  1.61570e-27
  2.24710e-27
  3.12690e-27
  4.47870e-27
  6.17920e-27
  8.54870e-27
  1.15990e-26
  1.54970e-26
  1.97660e-26
  2.51930e-26
  3.05790e-26
  3.59380e-26
  4.12580e-26
  4.49550e-26
  4.79340e-26
  4.86080e-26
  4.87390e-26
  4.86680e-26
  5.17300e-26
  5.60650e-26
  5.41400e-26
  5.36970e-26
  5.47820e-26
  5.71190e-26
  5.60970e-26
  5.39730e-26
  5.58290e-26
  5.90560e-26
  6.11370e-26
  6.07150e-26
  5.83860e-26
  5.38530e-26
  4.85420e-26
  4.42360e-26
  4.05890e-26
  3.96730e-26
  4.39230e-26
  5.01310e-26
  6.19740e-26
  8.47300e-26
  1.28210e-25
  1.68950e-25
  2.34740e-25
  3.40120e-25
  4.91740e-25
  6.66960e-25
  8.69200e-25
  1.16270e-24
  1.54920e-24
  1.91950e-24
  2.33230e-24
  2.56190e-24
  2.94840e-24
  3.32580e-24
  3.48600e-24
  3.67860e-24
  3.91730e-24
  4.30810e-24
  4.68730e-24
  4.76980e-24
  4.65080e-24
  4.36500e-24
  3.85300e-24
  3.39630e-24
  2.93390e-24
  2.57050e-24
  2.45420e-24
  2.68200e-24
  3.21580e-24
  3.64600e-24
  3.92430e-24
  4.20040e-24
  4.30920e-24
  4.38520e-24
  4.35640e-24
  4.21440e-24
  4.12190e-24
  3.90450e-24
  3.73190e-24
  3.57890e-24
  3.26420e-24
  3.04350e-24
  3.02540e-24
  3.10670e-24
  3.10670e-24
  3.40520e-24
  3.78820e-24
  4.17310e-24
  4.61410e-24
  5.22660e-24
  6.01020e-24
  7.28210e-24
  7.89130e-24
  8.86460e-24
  1.00790e-23
  1.18350e-23
  1.41260e-23
  1.69480e-23
  2.02410e-23
  2.54780e-23
  3.06650e-23
  3.79480e-23
  4.71850e-23
  6.08400e-23
  7.33130e-23
  8.99390e-23
  1.10980e-22
  1.35530e-22
  1.71240e-22
  2.04580e-22
  2.38950e-22
  2.75720e-22
  3.18140e-22
  3.51540e-22
  4.00380e-22
  4.12710e-22
  4.27890e-22
  4.27780e-22
  4.33860e-22
  4.45060e-22
  4.54200e-22
  4.94130e-22
  5.21960e-22
  5.17730e-22
  5.02860e-22
  4.88540e-22
  4.76360e-22
  4.42510e-22
  4.26380e-22
  4.37300e-22
  4.75700e-22
  5.21270e-22
  5.71480e-22
  5.62160e-22
  5.33160e-22
  5.06120e-22
  4.56040e-22
  4.12470e-22
  3.21750e-22
  2.56560e-22
  2.03050e-22
  1.57330e-22
  1.18350e-22
  8.05780e-23
  5.86390e-23
  4.10250e-23
  2.93390e-23
  1.97920e-23
  1.36190e-23
  9.99220e-24
