      0.00000
  7.85940e-22
  3.23070e-21
  8.02570e-21
  1.47410e-20
  2.33090e-20
  3.34900e-20
  4.33780e-20
  5.30620e-20
  5.76310e-20
  6.47300e-20
  6.99130e-20
  7.33100e-20
  7.37010e-20
  7.17910e-20
  7.33290e-20
  7.09440e-20
  6.92810e-20
  6.83930e-20
  6.33770e-20
  6.11430e-20
  5.70060e-20
  5.57950e-20
  5.49140e-20
  4.80920e-20
  4.47550e-20
  4.04110e-20
  3.76130e-20
  3.47530e-20
  3.03050e-20
  2.82040e-20
  2.54860e-20
  2.26230e-20
  2.06560e-20
  1.82910e-20
  1.67720e-20
  1.50160e-20
  1.36100e-20
  1.24410e-20
  1.12280e-20
  1.03500e-20
  9.51760e-21
  8.82950e-21
  8.17320e-21
  7.62070e-21
  7.08200e-21
  6.58290e-21
  6.15580e-21
  5.77570e-21
  5.40260e-21
  5.06320e-21
  4.74140e-21
  4.44870e-21
  4.18160e-21
  3.92890e-21
  3.69200e-21
  3.46860e-21
  3.26470e-21
  3.07110e-21
  2.89230e-21
  2.72260e-21
  2.56190e-21
  2.41070e-21
  2.26800e-21
  2.13590e-21
  2.01120e-21
  1.89400e-21
  1.78420e-21
  1.68120e-21
  1.58430e-21
  1.49300e-21
  1.43280e-21
  1.37720e-21
  1.32330e-21
  1.27120e-21
  1.22140e-21
  1.16090e-21
  1.10370e-21
  1.04960e-21
  9.98320e-22
  9.49870e-22
  9.03940e-22
  8.60490e-22
  8.19290e-22
  7.80340e-22
  7.43530e-22
  7.12300e-22
  6.82580e-22
  6.54290e-22
  6.27380e-22
  6.01830e-22
  5.82590e-22
  5.64090e-22
  5.33470e-22
  5.04930e-22
  4.78320e-22
  4.51290e-22
  4.26300e-22
  4.03250e-22
  3.82070e-22
  3.62590e-22
  3.42600e-22
  3.24400e-22
  3.07820e-22
  2.92740e-22
  2.79610e-22
  2.69770e-22
  2.61960e-22
  2.55210e-22
  2.49680e-22
  2.44830e-22
  2.39760e-22
  2.35170e-22
  2.31050e-22
  2.27420e-22
  2.24200e-22
  2.19280e-22
  2.16990e-22
  2.17400e-22
  2.18480e-22
  2.20140e-22
  2.22350e-22
  2.25750e-22
  2.30510e-22
  2.37170e-22
  2.44840e-22
  2.53940e-22
  2.66030e-22
  2.82670e-22
  3.06890e-22
  3.34000e-22
  3.72030e-22
  4.19190e-22
  4.79930e-22
  5.67390e-22
  6.70010e-22
  7.95200e-22
  9.68150e-22
  1.13300e-21
  1.34330e-21
  1.59090e-21
  1.87120e-21
  2.16720e-21
  2.60060e-21
  3.01900e-21
  3.40440e-21
  3.77770e-21
  4.35280e-21
  5.22700e-21
  5.69680e-21
  6.27010e-21
  6.92190e-21
  7.73150e-21
  8.35300e-21
  8.41420e-21
  8.33580e-21
  7.84130e-21
  7.15950e-21
  6.60700e-21
  6.12320e-21
  5.79480e-21
  5.71570e-21
  6.16920e-21
  7.00920e-21
  7.44340e-21
  7.81160e-21
  8.36110e-21
  8.68210e-21
  8.59560e-21
  7.91710e-21
  7.51530e-21
  7.31460e-21
  6.63800e-21
  5.75050e-21
  5.04970e-21
  4.50770e-21
  4.08970e-21
  3.53770e-21
  3.06670e-21
  2.71740e-21
  2.44460e-21
  2.10880e-21
  1.91820e-21
  1.62670e-21
  1.46760e-21
  1.36060e-21
  1.19750e-21
  1.07210e-21
  8.90040e-22
  8.09730e-22
  7.08880e-22
  6.22080e-22
  5.60390e-22
  4.96790e-22
  4.49920e-22
  3.90430e-22
  3.39270e-22
  3.05840e-22
  2.65190e-22
  2.38910e-22
  2.13620e-22
  1.94190e-22
  1.76250e-22
  1.57270e-22
  1.44030e-22
  1.30360e-22
  1.19110e-22
  1.09750e-22
  1.01130e-22
  9.39690e-23
  8.68160e-23
  8.08310e-23
  7.54360e-23
  7.05530e-23
  6.62120e-23
  6.22100e-23
  5.86010e-23
  5.52120e-23
  5.21050e-23
  4.92600e-23
  4.66430e-23
  4.42280e-23
  4.19920e-23
  3.99280e-23
  3.79830e-23
  3.61700e-23
  3.44740e-23
  3.28900e-23
  3.14010e-23
  2.99900e-23
  2.86750e-23
  2.74390e-23
  2.62780e-23
  2.51850e-23
  2.41580e-23
  2.31910e-23
  2.22790e-23
  2.14180e-23
  2.06050e-23
  1.98370e-23
  1.91100e-23
  1.84210e-23
  1.77680e-23
  1.71490e-23
  1.65620e-23
  1.60050e-23
  1.54760e-23
  1.49730e-23
  1.44960e-23
  1.40420e-23
  1.36110e-23
  1.32020e-23
  1.28150e-23
  1.24480e-23
  1.21020e-23
  1.17770e-23
  1.14740e-23
  1.11920e-23
  1.09330e-23
  1.06920e-23
  1.04780e-23
  1.02780e-23
  1.00900e-23
  9.91800e-24
  9.74210e-24
  9.57170e-24
  9.38720e-24
  9.20930e-24
  9.03620e-24
  8.90250e-24
  8.78620e-24
  8.60570e-24
  8.45840e-24
  8.34480e-24
  8.26160e-24
  8.15420e-24
  8.02870e-24
  7.95070e-24
  7.89820e-24
  7.84380e-24
  7.77560e-24
  7.70640e-24
  7.63380e-24
  7.57420e-24
  7.54400e-24
  7.54410e-24
  7.59050e-24
  7.70290e-24
  7.86090e-24
  8.09650e-24
  8.45510e-24
  9.00660e-24
  9.56750e-24
  1.03680e-23
  1.15460e-23
  1.31500e-23
  1.49860e-23
  1.70980e-23
  2.01310e-23
  2.40590e-23
  2.80450e-23
  3.24190e-23
  3.52150e-23
  3.99510e-23
  4.49280e-23
  4.75500e-23
  5.04300e-23
  5.39100e-23
  5.85710e-23
  6.31220e-23
  6.40760e-23
  6.34060e-23
  6.14910e-23
  5.76730e-23
  5.49130e-23
  5.23580e-23
  5.00430e-23
  4.94530e-23
  5.24250e-23
  5.88020e-23
  6.37200e-23
  6.71940e-23
  7.07500e-23
  7.26670e-23
  7.46360e-23
  7.52830e-23
  7.48290e-23
  7.52490e-23
  7.45020e-23
  7.44940e-23
  7.50310e-23
  7.38360e-23
  7.43820e-23
  7.70300e-23
  8.09630e-23
  8.45710e-23
  9.17010e-23
  9.99820e-23
  1.09090e-22
  1.19770e-22
  1.32420e-22
  1.47520e-22
  1.67600e-22
  1.82950e-22
  2.03110e-22
  2.27690e-22
  2.58080e-22
  2.94540e-22
  3.36450e-22
  3.82740e-22
  4.48380e-22
  5.13910e-22
  6.00290e-22
  7.08550e-22
  8.53550e-22
  9.90670e-22
  1.16790e-21
  1.39190e-21
  1.65970e-21
  2.03020e-21
  2.38350e-21
  2.74140e-21
  3.15930e-21
  3.63720e-21
  4.05980e-21
  4.67030e-21
  4.88080e-21
  5.11340e-21
  5.22000e-21
  5.38570e-21
  5.59580e-21
  5.73360e-21
  6.15260e-21
  6.38300e-21
  6.28660e-21
  6.15300e-21
  6.14090e-21
  6.22880e-21
  6.01930e-21
  5.83080e-21
  5.86680e-21
  6.19770e-21
  6.59180e-21
  7.03370e-21
  6.75870e-21
  6.29110e-21
  5.88840e-21
  5.28290e-21
  4.79160e-21
  3.79130e-21
  3.08290e-21
  2.50890e-21
  2.02930e-21
  1.62580e-21
  1.23370e-21
  9.91330e-22
  7.92190e-22
  6.48860e-22
  5.31310e-22
  4.43090e-22
  3.79560e-22
