      0.00000
  1.47050e-21
  5.98950e-21
  1.48320e-20
  2.70190e-20
  4.23100e-20
  6.02620e-20
  7.73620e-20
  9.38690e-20
  1.00660e-19
  1.11970e-19
  1.20080e-19
  1.24750e-19
  1.23820e-19
  1.19560e-19
  1.21280e-19
  1.16480e-19
  1.12810e-19
  1.10160e-19
  1.01200e-19
  9.66490e-20
  8.92020e-20
  8.63800e-20
  8.42570e-20
  7.30680e-20
  6.71560e-20
  5.98910e-20
  5.50960e-20
  5.02980e-20
  4.36590e-20
  4.02140e-20
  3.62470e-20
  3.21660e-20
  2.92520e-20
  2.61650e-20
  2.40070e-20
  2.17470e-20
  1.98040e-20
  1.82580e-20
  1.68200e-20
  1.56650e-20
  1.46570e-20
  1.37460e-20
  1.29360e-20
  1.22230e-20
  1.15270e-20
  1.08850e-20
  1.02990e-20
  9.76500e-21
  9.24920e-21
  8.77000e-21
  8.31330e-21
  7.88240e-21
  7.48190e-21
  7.10160e-21
  6.74450e-21
  6.40570e-21
  6.08330e-21
  5.77550e-21
  5.48420e-21
  5.20490e-21
  4.94110e-21
  4.69190e-21
  4.45520e-21
  4.22970e-21
  4.01390e-21
  3.80840e-21
  3.61350e-21
  3.42750e-21
  3.25050e-21
  3.08170e-21
  2.97370e-21
  2.87280e-21
  2.77490e-21
  2.67910e-21
  2.58500e-21
  2.46560e-21
  2.35100e-21
  2.24170e-21
  2.13690e-21
  2.03660e-21
  1.94060e-21
  1.84890e-21
  1.76130e-21
  1.67780e-21
  1.59810e-21
  1.52980e-21
  1.46420e-21
  1.40140e-21
  1.34150e-21
  1.28420e-21
  1.24020e-21
  1.19770e-21
  1.12950e-21
  1.06590e-21
  1.00660e-21
  9.46670e-22
  8.91230e-22
  8.40190e-22
  7.93260e-22
  7.50110e-22
  7.06260e-22
  6.66300e-22
  6.29920e-22
  5.96830e-22
  5.67930e-22
  5.45860e-22
  5.27960e-22
  5.12230e-22
  4.99030e-22
  4.87180e-22
  4.74760e-22
  4.63380e-22
  4.52820e-22
  4.43090e-22
  4.33830e-22
  4.21220e-22
  4.13700e-22
  4.10870e-22
  4.08630e-22
  4.07140e-22
  4.06530e-22
  4.06950e-22
  4.08500e-22
  4.11480e-22
  4.16150e-22
  4.22410e-22
  4.32090e-22
  4.46460e-22
  4.67590e-22
  4.95230e-22
  5.33290e-22
  5.85630e-22
  6.56290e-22
  7.57800e-22
  8.85990e-22
  1.04120e-21
  1.26410e-21
  1.48400e-21
  1.76760e-21
  2.11180e-21
  2.50650e-21
  2.93400e-21
  3.57290e-21
  4.20150e-21
  4.77290e-21
  5.34270e-21
  6.21830e-21
  7.54190e-21
  8.23570e-21
  9.09880e-21
  1.01550e-20
  1.14280e-20
  1.24310e-20
  1.26290e-20
  1.26920e-20
  1.20690e-20
  1.10930e-20
  1.03560e-20
  9.78510e-21
  9.37340e-21
  9.26960e-21
  1.00070e-20
  1.13810e-20
  1.20650e-20
  1.25630e-20
  1.33400e-20
  1.37580e-20
  1.35420e-20
  1.23280e-20
  1.15930e-20
  1.11990e-20
  1.00890e-20
  8.64250e-21
  7.50970e-21
  6.68250e-21
  6.03770e-21
  5.19540e-21
  4.49220e-21
  3.99330e-21
  3.59390e-21
  3.08160e-21
  2.79520e-21
  2.36530e-21
  2.13020e-21
  1.97130e-21
  1.73600e-21
  1.55070e-21
  1.28620e-21
  1.16380e-21
  1.01500e-21
  8.89490e-22
  7.99220e-22
  7.09830e-22
  6.42310e-22
  5.61650e-22
  4.93360e-22
  4.46690e-22
  3.93230e-22
  3.56320e-22
  3.22910e-22
  2.96350e-22
  2.72730e-22
  2.49380e-22
  2.31130e-22
  2.14530e-22
  2.00200e-22
  1.87890e-22
  1.76880e-22
  1.66840e-22
  1.58020e-22
  1.49860e-22
  1.42630e-22
  1.36010e-22
  1.29690e-22
  1.24040e-22
  1.18600e-22
  1.13620e-22
  1.08950e-22
  1.04520e-22
  1.00370e-22
  9.63840e-23
  9.26270e-23
  8.90390e-23
  8.56990e-23
  8.25300e-23
  7.95120e-23
  7.66490e-23
  7.39540e-23
  7.14290e-23
  6.89880e-23
  6.66920e-23
  6.44910e-23
  6.23800e-23
  6.03540e-23
  5.84110e-23
  5.65480e-23
  5.47580e-23
  5.30380e-23
  5.13880e-23
  4.98040e-23
  4.82840e-23
  4.68270e-23
  4.54280e-23
  4.40860e-23
  4.27970e-23
  4.15590e-23
  4.03700e-23
  3.92270e-23
  3.81270e-23
  3.70700e-23
  3.60500e-23
  3.50670e-23
  3.41220e-23
  3.32090e-23
  3.23330e-23
  3.14880e-23
  3.06770e-23
  2.99040e-23
  2.91680e-23
  2.84740e-23
  2.78230e-23
  2.72100e-23
  2.66410e-23
  2.60960e-23
  2.55740e-23
  2.50560e-23
  2.45530e-23
  2.40500e-23
  2.35760e-23
  2.31400e-23
  2.26590e-23
  2.22200e-23
  2.18230e-23
  2.14640e-23
  2.11100e-23
  2.07260e-23
  2.03770e-23
  2.00490e-23
  1.97090e-23
  1.93550e-23
  1.90110e-23
  1.86770e-23
  1.83700e-23
  1.80920e-23
  1.78620e-23
  1.76740e-23
  1.75320e-23
  1.74620e-23
  1.74640e-23
  1.75740e-23
  1.78530e-23
  1.82600e-23
  1.89150e-23
  2.00630e-23
  2.18040e-23
  2.39800e-23
  2.66500e-23
  3.06500e-23
  3.60400e-23
  4.19590e-23
  4.84980e-23
  5.30270e-23
  6.05210e-23
  6.87850e-23
  7.35560e-23
  7.84430e-23
  8.47140e-23
  9.22080e-23
  9.94270e-23
  1.01100e-22
  1.00780e-22
  9.83460e-23
  9.26960e-23
  8.89550e-23
  8.61780e-23
  8.37790e-23
  8.32560e-23
  8.83190e-23
  9.87480e-23
  1.06240e-22
  1.11220e-22
  1.16090e-22
  1.18150e-22
  1.20210e-22
  1.19740e-22
  1.17890e-22
  1.17430e-22
  1.15130e-22
  1.14030e-22
  1.13560e-22
  1.10120e-22
  1.09970e-22
  1.12350e-22
  1.16680e-22
  1.20900e-22
  1.30060e-22
  1.40780e-22
  1.52900e-22
  1.67240e-22
  1.84050e-22
  2.03940e-22
  2.29670e-22
  2.50310e-22
  2.76650e-22
  3.09050e-22
  3.48330e-22
  3.94640e-22
  4.48210e-22
  5.06660e-22
  5.89410e-22
  6.70640e-22
  7.77510e-22
  9.16140e-22
  1.09730e-21
  1.27630e-21
  1.50550e-21
  1.80600e-21
  2.17770e-21
  2.68860e-21
  3.20480e-21
  3.73620e-21
  4.38510e-21
  5.13590e-21
  5.83590e-21
  6.86110e-21
  7.29600e-21
  7.74190e-21
  7.99150e-21
  8.31670e-21
  8.64920e-21
  8.86570e-21
  9.52090e-21
  9.91960e-21
  9.77190e-21
  9.58170e-21
  9.62630e-21
  9.88140e-21
  9.69600e-21
  9.45530e-21
  9.53020e-21
  1.00360e-20
  1.06060e-20
  1.11970e-20
  1.06070e-20
  9.71330e-21
  8.93790e-21
  7.87010e-21
  7.01170e-21
  5.43240e-21
  4.33400e-21
  3.46600e-21
  2.76240e-21
  2.19170e-21
  1.66000e-21
  1.33280e-21
  1.06980e-21
  8.81120e-22
  7.33860e-22
  6.22010e-22
  5.40780e-22
