      0.00000
  2.83320e-23
  1.24230e-22
  3.32520e-22
  6.54050e-22
  1.09800e-21
  1.66800e-21
  2.27930e-21
  2.93960e-21
  3.34190e-21
  3.90380e-21
  4.32090e-21
  4.59130e-21
  4.65940e-21
  4.53070e-21
  4.59510e-21
  4.33090e-21
  4.07720e-21
  3.86800e-21
  3.38550e-21
  3.08840e-21
  2.67370e-21
  2.42900e-21
  2.18280e-21
  1.66730e-21
  1.39150e-21
  1.12160e-21
  9.54490e-22
  8.06270e-22
  6.21270e-22
  5.41330e-22
  4.42630e-22
  3.51940e-22
  2.99310e-22
  2.33680e-22
  2.01820e-22
  1.59840e-22
  1.33280e-22
  1.12460e-22
  8.70190e-23
  7.56980e-23
  6.29580e-23
  5.59920e-23
  4.74470e-23
  4.30260e-23
  3.73330e-23
  3.19710e-23
  2.95140e-23
  2.81960e-23
  2.48890e-23
  2.23060e-23
  1.91720e-23
  1.70390e-23
  1.55770e-23
  1.38760e-23
  1.21810e-23
  1.05520e-23
  1.01080e-23
  9.31680e-24
  8.98940e-24
  8.35570e-24
  7.26910e-24
  6.05640e-24
  4.71560e-24
  3.93820e-24
  3.15710e-24
  2.47450e-24
  1.96780e-24
  1.61930e-24
  1.30990e-24
  1.03790e-24
  8.54110e-25
  6.92370e-25
  5.07670e-25
  3.42770e-25
  2.57850e-25
  2.15740e-25
  1.90060e-25
  1.59410e-25
  1.32710e-25
  1.15640e-25
  9.71560e-26
  7.86750e-26
  5.75140e-26
  4.07300e-26
  3.11450e-26
  2.55380e-26
  2.11620e-26
  1.72640e-26
  1.26410e-26
  1.00940e-26
  7.98070e-27
  6.22170e-27
  5.26090e-27
  4.34490e-27
  3.74350e-27
  2.98600e-27
  2.62310e-27
  2.34370e-27
  2.21350e-27
  2.09390e-27
  1.90400e-27
  1.85000e-27
  1.91580e-27
  2.04030e-27
  1.98250e-27
  1.95560e-27
  2.08710e-27
  2.32240e-27
  2.45410e-27
  2.55860e-27
  3.01200e-27
  3.24870e-27
  3.74620e-27
  4.70080e-27
  6.66360e-27
  9.30040e-27
  1.25290e-26
  1.79450e-26
  2.73590e-26
  3.99900e-26
  5.48400e-26
  8.23590e-26
  1.30090e-25
  2.16440e-25
  3.24830e-25
  4.63950e-25
  6.73220e-25
  1.01410e-24
  1.65150e-24
  2.41610e-24
  3.70490e-24
  5.43710e-24
  7.80620e-24
  1.16670e-23
  1.64050e-23
  2.27450e-23
  3.20080e-23
  4.14570e-23
  5.36560e-23
  6.85570e-23
  8.60200e-23
  1.04710e-22
  1.32500e-22
  1.61720e-22
  1.90300e-22
  2.17780e-22
  2.59180e-22
  3.23180e-22
  3.64770e-22
  4.15050e-22
  4.68240e-22
  5.34810e-22
  5.84100e-22
  5.90760e-22
  5.78710e-22
  5.32000e-22
  4.65460e-22
  4.04930e-22
  3.47810e-22
  3.14120e-22
  3.09180e-22
  3.47930e-22
  4.16000e-22
  4.53670e-22
  4.85400e-22
  5.26860e-22
  5.49810e-22
  5.42770e-22
  4.98660e-22
  4.68600e-22
  4.47080e-22
  3.93480e-22
  3.28490e-22
  2.78830e-22
  2.39350e-22
  2.09150e-22
  1.72260e-22
  1.41670e-22
  1.18170e-22
  1.00200e-22
  8.14510e-23
  7.10190e-23
  5.63250e-23
  4.87160e-23
  4.37040e-23
  3.57880e-23
  3.01200e-23
  2.24510e-23
  1.96040e-23
  1.60740e-23
  1.32840e-23
  1.15190e-23
  9.65650e-24
  8.39130e-24
  6.55330e-24
  5.09620e-24
  4.36100e-24
  3.32610e-24
  2.86110e-24
  2.36780e-24
  2.07010e-24
  1.75160e-24
  1.34020e-24
  1.17140e-24
  9.07460e-25
  7.36540e-25
  6.22820e-25
  5.06800e-25
  4.45180e-25
  3.35520e-25
  2.77620e-25
  2.25290e-25
  1.82350e-25
  1.57370e-25
  1.28430e-25
  1.11130e-25
  8.81180e-26
  7.00310e-26
  5.76080e-26
  4.81430e-26
  4.27050e-26
  3.87480e-26
  3.78280e-26
  3.42070e-26
  3.13520e-26
  2.88020e-26
  2.64920e-26
  2.31960e-26
  1.81530e-26
  1.50640e-26
  1.16330e-26
  8.88100e-27
  6.54220e-27
  4.89780e-27
  3.66100e-27
  2.73810e-27
  2.04400e-27
  1.65270e-27
  1.36340e-27
  1.17520e-27
  1.01400e-27
  8.86230e-28
  7.83930e-28
  7.01020e-28
  6.53520e-28
  6.34490e-28
  6.43720e-28
  7.43550e-28
  9.25140e-28
  1.18620e-27
  1.61570e-27
  2.24710e-27
  3.12690e-27
  4.47870e-27
  6.17920e-27
  8.54870e-27
  1.15990e-26
  1.54970e-26
  1.97660e-26
  2.51930e-26
  3.05790e-26
  3.59380e-26
  4.12580e-26
  4.49550e-26
  4.79340e-26
  4.86080e-26
  4.87390e-26
  4.86680e-26
  5.17300e-26
  5.60650e-26
  5.41400e-26
  5.36970e-26
  5.47820e-26
  5.71190e-26
  5.60970e-26
  5.39730e-26
  5.58290e-26
  5.90560e-26
  6.11370e-26
  6.07150e-26
  5.83860e-26
  5.38530e-26
  4.85420e-26
  4.42360e-26
  4.05890e-26
  3.96730e-26
  4.39230e-26
  5.01310e-26
  6.19740e-26
  8.47300e-26
  1.28210e-25
  1.68950e-25
  2.34740e-25
  3.40120e-25
  4.91740e-25
  6.66960e-25
  8.69200e-25
  1.16270e-24
  1.54920e-24
  1.91950e-24
  2.33230e-24
  2.56190e-24
  2.94840e-24
  3.32580e-24
  3.48600e-24
  3.67860e-24
  3.91730e-24
  4.30810e-24
  4.68730e-24
  4.76980e-24
  4.65080e-24
  4.36500e-24
  3.85300e-24
  3.39630e-24
  2.93390e-24
  2.57050e-24
  2.45420e-24
  2.68200e-24
  3.21580e-24
  3.64600e-24
  3.92430e-24
  4.20040e-24
  4.30920e-24
  4.38520e-24
  4.35640e-24
  4.21440e-24
  4.12190e-24
  3.90450e-24
  3.73190e-24
  3.57890e-24
  3.26420e-24
  3.04350e-24
  3.02540e-24
  3.10670e-24
  3.10670e-24
  3.40520e-24
  3.78820e-24
  4.17310e-24
  4.61410e-24
  5.22660e-24
  6.01020e-24
  7.28210e-24
  7.89130e-24
  8.86460e-24
  1.00790e-23
  1.18350e-23
  1.41260e-23
  1.69480e-23
  2.02410e-23
  2.54780e-23
  3.06650e-23
  3.79480e-23
  4.71850e-23
  6.08400e-23
  7.33130e-23
  8.99390e-23
  1.10980e-22
  1.35530e-22
  1.71240e-22
  2.04580e-22
  2.38950e-22
  2.75720e-22
  3.18140e-22
  3.51540e-22
  4.00380e-22
  4.12710e-22
  4.27890e-22
  4.27780e-22
  4.33860e-22
  4.45060e-22
  4.54200e-22
  4.94130e-22
  5.21960e-22
  5.17730e-22
  5.02860e-22
  4.88540e-22
  4.76360e-22
  4.42510e-22
  4.26380e-22
  4.37300e-22
  4.75700e-22
  5.21270e-22
  5.71480e-22
  5.62160e-22
  5.33160e-22
  5.06120e-22
  4.56040e-22
  4.12470e-22
  3.21750e-22
  2.56560e-22
  2.03050e-22
  1.57330e-22
  1.18350e-22
  8.05780e-23
  5.86390e-23
  4.10250e-23
  2.93390e-23
  1.97920e-23
  1.36190e-23
  9.99220e-24
