      0.00000
  4.28250e-22
  1.77650e-21
  4.42650e-21
  8.19530e-21
  1.30830e-20
  1.89550e-20
  2.47620e-20
  3.05240e-20
  3.35630e-20
  3.80430e-20
  4.13600e-20
  4.37480e-20
  4.45220e-20
  4.37180e-20
  4.49340e-20
  4.37600e-20
  4.30600e-20
  4.29410e-20
  4.01080e-20
  3.90590e-20
  3.67590e-20
  3.63370e-20
  3.60590e-20
  3.18670e-20
  3.00060e-20
  2.74120e-20
  2.57960e-20
  2.41060e-20
  2.11040e-20
  1.98320e-20
  1.79540e-20
  1.59330e-20
  1.45970e-20
  1.27890e-20
  1.17140e-20
  1.03600e-20
  9.34050e-21
  8.46280e-21
  7.47860e-21
  6.82040e-21
  6.16190e-21
  5.65270e-21
  5.14490e-21
  4.73250e-21
  4.33260e-21
  3.96320e-21
  3.66180e-21
  3.39930e-21
  3.13950e-21
  2.90760e-21
  2.68940e-21
  2.49670e-21
  2.32370e-21
  2.16100e-21
  2.00910e-21
  1.86700e-21
  1.74150e-21
  1.62320e-21
  1.51610e-21
  1.41550e-21
  1.32020e-21
  1.23110e-21
  1.14750e-21
  1.07200e-21
  1.00170e-21
  9.36310e-22
  8.75740e-22
  8.19790e-22
  7.67700e-22
  7.19200e-22
  6.86460e-22
  6.56510e-22
  6.27600e-22
  5.99910e-22
  5.74000e-22
  5.43750e-22
  5.15510e-22
  4.88960e-22
  4.64080e-22
  4.40850e-22
  4.19060e-22
  3.98600e-22
  3.79360e-22
  3.61310e-22
  3.44420e-22
  3.30250e-22
  3.16870e-22
  3.04230e-22
  2.92260e-22
  2.80960e-22
  2.72640e-22
  2.64690e-22
  2.51060e-22
  2.38350e-22
  2.26520e-22
  2.14430e-22
  2.03260e-22
  1.92940e-22
  1.83460e-22
  1.74750e-22
  1.65720e-22
  1.57510e-22
  1.50020e-22
  1.43220e-22
  1.37320e-22
  1.33000e-22
  1.29670e-22
  1.26860e-22
  1.24650e-22
  1.22780e-22
  1.20830e-22
  1.19110e-22
  1.17660e-22
  1.16500e-22
  1.15660e-22
  1.13950e-22
  1.13620e-22
  1.14840e-22
  1.16630e-22
  1.18850e-22
  1.21430e-22
  1.25050e-22
  1.29900e-22
  1.36520e-22
  1.43860e-22
  1.52470e-22
  1.63600e-22
  1.78760e-22
  2.01190e-22
  2.25020e-22
  2.59270e-22
  2.99760e-22
  3.50620e-22
  4.24440e-22
  5.06230e-22
  6.06810e-22
  7.40870e-22
  8.64270e-22
  1.02000e-21
  1.19760e-21
  1.39590e-21
  1.59970e-21
  1.89160e-21
  2.16800e-21
  2.42680e-21
  2.66960e-21
  3.04530e-21
  3.62070e-21
  3.93860e-21
  4.31860e-21
  4.71590e-21
  5.22830e-21
  5.61030e-21
  5.60370e-21
  5.47270e-21
  5.09310e-21
  4.61940e-21
  4.21410e-21
  3.83070e-21
  3.58150e-21
  3.52340e-21
  3.80230e-21
  4.31580e-21
  4.59120e-21
  4.85620e-21
  5.23930e-21
  5.47790e-21
  5.45490e-21
  5.08330e-21
  4.87070e-21
  4.77660e-21
  4.36680e-21
  3.82560e-21
  3.39500e-21
  3.04020e-21
  2.76990e-21
  2.40860e-21
  2.09330e-21
  1.84890e-21
  1.66260e-21
  1.44270e-21
  1.31590e-21
  1.11840e-21
  1.01080e-21
  9.38840e-22
  8.25850e-22
  7.41120e-22
  6.15760e-22
  5.63280e-22
  4.95010e-22
  4.34990e-22
  3.92860e-22
  3.47620e-22
  3.15110e-22
  2.71370e-22
  2.33270e-22
  2.09370e-22
  1.78820e-22
  1.60170e-22
  1.41300e-22
  1.27230e-22
  1.13880e-22
  9.91660e-23
  8.97510e-23
  7.92090e-23
  7.08640e-23
  6.41070e-23
  5.78150e-23
  5.29260e-23
  4.76970e-23
  4.35980e-23
  3.98970e-23
  3.65990e-23
  3.38050e-23
  3.12010e-23
  2.89550e-23
  2.68290e-23
  2.49190e-23
  2.32170e-23
  2.16750e-23
  2.02950e-23
  1.90370e-23
  1.79050e-23
  1.68350e-23
  1.58520e-23
  1.49470e-23
  1.41130e-23
  1.33330e-23
  1.25910e-23
  1.19190e-23
  1.12890e-23
  1.07070e-23
  1.01680e-23
  9.66960e-24
  9.20740e-24
  8.77760e-24
  8.37740e-24
  8.00520e-24
  7.65750e-24
  7.33250e-24
  7.02780e-24
  6.74210e-24
  6.47410e-24
  6.22220e-24
  5.98560e-24
  5.76300e-24
  5.55350e-24
  5.35670e-24
  5.17170e-24
  4.99770e-24
  4.83490e-24
  4.68280e-24
  4.54100e-24
  4.41050e-24
  4.28970e-24
  4.18090e-24
  4.08300e-24
  3.99740e-24
  3.91970e-24
  3.85560e-24
  3.79650e-24
  3.74180e-24
  3.69240e-24
  3.63690e-24
  3.58250e-24
  3.51690e-24
  3.45420e-24
  3.39520e-24
  3.36160e-24
  3.33610e-24
  3.26840e-24
  3.21980e-24
  3.19100e-24
  3.17990e-24
  3.14970e-24
  3.11010e-24
  3.10210e-24
  3.11150e-24
  3.12170e-24
  3.12380e-24
  3.12390e-24
  3.12020e-24
  3.12290e-24
  3.14570e-24
  3.18640e-24
  3.25980e-24
  3.38440e-24
  3.53870e-24
  3.75370e-24
  4.06790e-24
  4.54380e-24
  5.01290e-24
  5.68340e-24
  6.64500e-24
  7.93040e-24
  9.36570e-24
  1.09690e-23
  1.32220e-23
  1.60610e-23
  1.87450e-23
  2.16710e-23
  2.33860e-23
  2.63730e-23
  2.93450e-23
  3.07390e-23
  3.24210e-23
  3.43080e-23
  3.72040e-23
  4.00730e-23
  4.06120e-23
  3.98940e-23
  3.84470e-23
  3.58820e-23
  3.38990e-23
  3.18100e-23
  2.98920e-23
  2.93740e-23
  3.11180e-23
  3.50150e-23
  3.82170e-23
  4.05950e-23
  4.31200e-23
  4.46920e-23
  4.63380e-23
  4.73320e-23
  4.74980e-23
  4.82190e-23
  4.82100e-23
  4.86670e-23
  4.95730e-23
  4.95060e-23
  5.03090e-23
  5.28120e-23
  5.61780e-23
  5.91560e-23
  6.46570e-23
  7.10070e-23
  7.78350e-23
  8.57790e-23
  9.52720e-23
  1.06710e-22
  1.22310e-22
  1.33720e-22
  1.49130e-22
  1.67760e-22
  1.91210e-22
  2.19830e-22
  2.52560e-22
  2.89120e-22
  3.41100e-22
  3.93810e-22
  4.63470e-22
  5.48010e-22
  6.63950e-22
  7.68980e-22
  9.05990e-22
  1.07270e-21
  1.26490e-21
  1.53300e-21
  1.77270e-21
  2.01150e-21
  2.27620e-21
  2.57580e-21
  2.82430e-21
  3.17900e-21
  3.26520e-21
  3.37730e-21
  3.40960e-21
  3.48760e-21
  3.62040e-21
  3.70810e-21
  3.97590e-21
  4.10730e-21
  4.04440e-21
  3.95120e-21
  3.91740e-21
  3.92640e-21
  3.73670e-21
  3.59570e-21
  3.61160e-21
  3.82740e-21
  4.09690e-21
  4.41830e-21
  4.30680e-21
  4.07460e-21
  3.87930e-21
  3.54620e-21
  3.27450e-21
  2.64600e-21
  2.19300e-21
  1.81610e-21
  1.49070e-21
  1.20600e-21
  9.16870e-22
  7.37350e-22
  5.86620e-22
  4.77820e-22
  3.84660e-22
  3.15630e-22
  2.66410e-22
