 1  4 7   1.000000  MIDLATITUDE SUMM H1=   0.00 H2=   70.00 ANG=   0.000 LEN= 0 
   970.0000     296.0                  3
  1.6898757E-02  3.5500000E-04  3.1365978E-08  3.2000000E-07  1.4813128E-07  1.7000001E-06  0.2090000      1.8468245E+24
   475.1155        260.00              3
  1.4195391E-03  3.5500000E-04  6.6583375E-08  3.2000000E-07  1.2804308E-07  1.6677540E-06  0.2090000      1.0457625E+24
   219.1           224.00              3
  4.6500000E-05  3.5500000E-04  2.1000000E-07  2.9000000E-07  8.1200000E-08  1.5150000E-06  0.2090000      3.9100000E+24
     3.0           260.00              3
  5.1700000E-06  3.5500000E-04  6.9000000E-06  1.5500000E-08  3.0000000E-08  3.7300000E-08  0.2090000      1.3200000E+22
%%%%%                                                                           
